 HB6S    1  -0.055   0.161   2.059
  OB6    2   0.047   0.033   2.197
  CB6    3   0.054   0.134   2.092
 HB6R    4   0.118   0.222   2.124
  CB5    5   0.123   0.084   1.963
  OB5    6   0.068  -0.043   1.928
  HB5    7   0.236   0.071   1.985
  CB1    8   0.138  -0.105   1.819
  HB1    9   0.251  -0.102   1.842
  OA6   10   0.113  -0.246   1.792
  CA6   11   0.021  -0.298   1.882
 HA6R   12   0.025  -0.252   1.984
 HA6S   13   0.054  -0.403   1.896
  CB4   14   0.109   0.183   1.845
  HB4   15  -0.000   0.183   1.809
  OB4   16   0.166   0.310   1.874
   PB   17   0.072   0.446   1.878
 OPB4   18   0.152   0.544   1.966
 OPB3   19  -0.062   0.410   1.934
 OPB2   20   0.051   0.492   1.737
  CB3   21   0.187   0.125   1.730
  OB3   22   0.187   0.208   1.619
  HB3   23   0.293   0.097   1.767
  C71   24   0.290   0.234   1.549
  O71   25   0.387   0.171   1.531
  C72   26   0.296   0.388   1.516
 H72R   27   0.407   0.411   1.538
 H72S   28   0.230   0.449   1.576
  CB2   29   0.118  -0.012   1.697
  HB2   30   0.005   0.010   1.688
  NB2   31   0.150  -0.070   1.561
 HNB2   32   0.225  -0.140   1.554
  CA4   33  -0.128  -0.373   1.698
  HA4   34  -0.053  -0.326   1.626
  OA4   35  -0.093  -0.508   1.718
 HOA4   36  -0.058  -0.539   1.636
  CA5   37  -0.118  -0.298   1.826
  HA5   38  -0.192  -0.346   1.897
  OA5   39  -0.156  -0.157   1.804
  CA1   40  -0.288  -0.140   1.749
  HA1   41  -0.306  -0.030   1.722
  OA1   42  -0.386  -0.193   1.838
 OPA2   43  -0.471  -0.218   2.069
 OPA3   44  -0.298  -0.040   2.018
 OPA4   45  -0.540  -0.016   1.932
   PA   46  -0.427  -0.107   1.974
  CA3   47  -0.267  -0.359   1.635
  HA3   48  -0.343  -0.394   1.705
  OA3   49  -0.271  -0.431   1.513
  C31   50  -0.189  -0.396   1.407
  O31   51  -0.131  -0.293   1.390
  C32   52  -0.133  -0.522   1.351
 H32R   53  -0.149  -0.501   1.250
 H32S   54  -0.182  -0.614   1.395
  CA2   55  -0.295  -0.208   1.615
  HA2   56  -0.208  -0.172   1.559
  NA2   57  -0.416  -0.180   1.539
 HNA2   58  -0.491  -0.246   1.546
  C73   59   0.258   0.414   1.374
 H73R   60   0.272   0.527   1.361
  O73   61   0.126   0.367   1.339
  C81   62   0.021   0.429   1.389
  O81   63   0.025   0.532   1.455
  C82   64  -0.094   0.327   1.384
 H82R   65  -0.089   0.261   1.473
 H82S   66  -0.085   0.258   1.297
  C83   67  -0.225   0.404   1.370
 H83R   68  -0.229   0.491   1.438
 H83S   69  -0.309   0.339   1.414
  C84   70  -0.274   0.445   1.223
 H84R   71  -0.184   0.476   1.176
 H84S   72  -0.335   0.527   1.224
  C85   73  -0.347   0.324   1.158
 H85R   74  -0.446   0.294   1.203
 H85S   75  -0.273   0.238   1.148
  C86   76  -0.392   0.355   1.015
 H86R   77  -0.314   0.424   0.966
 H86S   78  -0.475   0.423   1.032
  C87   79  -0.423   0.232   0.933
 H87R   80  -0.511   0.173   0.971
 H87S   81  -0.335   0.162   0.951
  C88   82  -0.452   0.253   0.784
 H88R   83  -0.392   0.332   0.745
 H88S   84  -0.556   0.285   0.777
  C89   85  -0.439   0.126   0.691
 H89R   86  -0.506   0.047   0.733
 H89S   87  -0.340   0.076   0.695
 C810   88  -0.467   0.160   0.542
H810R   89  -0.412   0.243   0.511
H810S   90  -0.575   0.191   0.547
 C811   91  -0.447   0.042   0.439
H811R   92  -0.493  -0.048   0.467
H811S   93  -0.340   0.021   0.428
 C812   94  -0.508   0.082   0.300
H812R   95  -0.438   0.153   0.258
H812S   96  -0.604   0.129   0.319
 C813   97  -0.519  -0.037   0.209
H813R   98  -0.421  -0.094   0.212
H813S   99  -0.606  -0.089   0.264
 C814  100  -0.554  -0.004   0.062
H814R  101  -0.484   0.049   0.003
H814S  102  -0.644   0.054   0.069
H814T  103  -0.574  -0.093   0.007
  C74  104   0.356   0.348   1.279
 H74R  105   0.328   0.237   1.267
 H74S  106   0.460   0.365   1.313
  C75  107   0.345   0.408   1.141
 H75R  108   0.373   0.515   1.146
 H75S  109   0.234   0.399   1.112
  C76  110   0.407   0.317   1.028
 H76R  111   0.372   0.211   1.042
 H76S  112   0.514   0.303   1.050
  C77  113   0.390   0.363   0.886
 H77R  114   0.448   0.458   0.866
 H77S  115   0.285   0.385   0.857
  C78  116   0.424   0.255   0.780
 H78R  117   0.532   0.224   0.799
 H78S  118   0.353   0.168   0.803
  C79  119   0.406   0.305   0.638
 H79R  120   0.440   0.222   0.565
 H79S  121   0.481   0.383   0.627
 C710  122   0.267   0.352   0.588
H710R  123   0.210   0.262   0.561
H710S  124   0.209   0.405   0.667
 C711  125   0.259   0.447   0.466
H711R  126   0.154   0.469   0.440
H711S  127   0.303   0.543   0.504
 C712  128   0.338   0.395   0.348
H712R  129   0.434   0.343   0.383
H712S  130   0.361   0.474   0.268
 C713  131   0.256   0.294   0.271
H713R  132   0.244   0.199   0.328
H713S  133   0.154   0.338   0.266
 C714  134   0.317   0.259   0.134
H714R  135   0.317   0.345   0.070
H714S  136   0.413   0.208   0.155
H714T  137   0.240   0.188   0.083
  C51  138   0.078  -0.054   1.449
  O51  139  -0.033  -0.006   1.456
  C52  140   0.146  -0.080   1.311
 H52R  141   0.246  -0.026   1.310
 H52S  142   0.163  -0.189   1.301
  C53  143   0.071  -0.048   1.176
 H53R  144  -0.039  -0.064   1.197
  O53  145   0.110  -0.134   1.071
  C61  146   0.016  -0.188   0.986
  O61  147  -0.104  -0.167   0.991
  C62  148   0.088  -0.274   0.881
 H62R  149   0.050  -0.372   0.871
 H62S  150   0.202  -0.276   0.901
  C63  151   0.070  -0.206   0.742
 H63R  152   0.123  -0.104   0.735
 H63S  153  -0.038  -0.196   0.706
  C64  154   0.147  -0.282   0.634
 H64R  155   0.117  -0.389   0.643
 H64S  156   0.254  -0.276   0.659
  C65  157   0.137  -0.223   0.495
 H65R  158   0.185  -0.119   0.502
 H65S  159   0.029  -0.225   0.454
  C66  160   0.209  -0.301   0.385
 H66R  161   0.188  -0.411   0.374
 H66S  162   0.319  -0.297   0.407
  C67  163   0.180  -0.251   0.237
 H67R  164   0.199  -0.141   0.220
 H67S  165   0.073  -0.277   0.220
  C68  166   0.282  -0.324   0.131
 H68R  167   0.254  -0.430   0.125
 H68S  168   0.393  -0.323   0.162
  C69  169   0.277  -0.275  -0.012
 H69R  170   0.368  -0.324  -0.060
 H69S  171   0.291  -0.166  -0.014
 C610  172   0.137  -0.299  -0.081
H610R  173   0.076  -0.245  -0.019
H610S  174   0.096  -0.400  -0.078
 C611  175   0.136  -0.239  -0.218
H611R  176   0.212  -0.285  -0.282
H611S  177   0.044  -0.261  -0.284
 C612  178   0.161  -0.092  -0.222
H612R  179   0.141  -0.056  -0.325
H612S  180   0.095  -0.051  -0.141
H612T  181   0.267  -0.065  -0.192
  C54  182   0.092   0.097   1.125
 H54R  183   0.197   0.106   1.094
 H54S  184   0.080   0.165   1.207
  C55  185  -0.008   0.127   1.020
 H55R  186  -0.104   0.106   1.066
 H55S  187   0.005   0.054   0.930
  C56  188   0.010   0.268   0.961
 H56R  189   0.116   0.284   0.932
 H56S  190  -0.008   0.346   1.045
  C57  191  -0.078   0.287   0.844
 H57R  192  -0.058   0.392   0.805
 H57S  193  -0.188   0.288   0.872
  C58  194  -0.043   0.190   0.726
 H58R  195   0.066   0.175   0.731
 H58S  196  -0.099   0.095   0.734
  C59  197  -0.090   0.243   0.591
 H59R  198  -0.028   0.329   0.561
 H59S  199  -0.197   0.270   0.599
 C510  200  -0.067   0.143   0.482
H510R  201  -0.138   0.066   0.493
H510S  202   0.033   0.089   0.486
 C511  203  -0.089   0.198   0.339
H511R  204  -0.205   0.214   0.336
H511S  205  -0.036   0.292   0.322
 C512  206  -0.052   0.091   0.230
H512R  207   0.042   0.051   0.239
H512S  208  -0.129   0.012   0.247
 C513  209  -0.072   0.138   0.087
H513R  210  -0.060   0.055   0.013
H513S  211  -0.004   0.211   0.061
 C514  212  -0.215   0.202   0.072
H514R  213  -0.238   0.275   0.154
H514S  214  -0.221   0.246  -0.032
H514T  215  -0.295   0.125   0.075
  C33  216   0.021  -0.548   1.359
 H33R  217   0.028  -0.663   1.342
  O33  218   0.069  -0.508   1.493
 HO33  219   0.136  -0.571   1.524
  C34  220   0.105  -0.475   1.247
 H34R  221   0.050  -0.380   1.231
 H34S  222   0.091  -0.535   1.155
  C35  223   0.252  -0.451   1.282
 H35R  224   0.297  -0.550   1.281
 H35S  225   0.265  -0.398   1.377
  C36  226   0.324  -0.364   1.179
 H36R  227   0.249  -0.295   1.130
 H36S  228   0.350  -0.432   1.090
  C37  229   0.450  -0.289   1.207
 H37R  230   0.541  -0.346   1.202
 H37S  231   0.439  -0.249   1.304
  C38  232   0.476  -0.172   1.108
 H38R  233   0.404  -0.089   1.104
 H38S  234   0.573  -0.126   1.141
  C39  235   0.494  -0.232   0.959
 H39R  236   0.405  -0.297   0.936
 H39S  237   0.584  -0.290   0.958
 C310  238   0.479  -0.117   0.863
H310R  239   0.544  -0.036   0.901
H310S  240   0.381  -0.075   0.877
 C311  241   0.518  -0.163   0.725
H311R  242   0.624  -0.198   0.725
H311S  243   0.451  -0.246   0.703
 C312  244   0.505  -0.054   0.627
H312R  245   0.395  -0.034   0.624
H312S  246   0.562   0.037   0.656
 C313  247   0.538  -0.098   0.486
H313R  248   0.641  -0.134   0.493
H313S  249   0.475  -0.186   0.459
 C314  250   0.524   0.011   0.377
H314R  251   0.610   0.083   0.390
H314S  252   0.536  -0.021   0.276
H314T  253   0.430   0.073   0.385
  C11  254  -0.408  -0.088   1.444
  O11  255  -0.325  -0.001   1.436
  C12  256  -0.498  -0.111   1.319
 H12R  257  -0.577  -0.033   1.308
 H12S  258  -0.536  -0.214   1.349
  C13  259  -0.412  -0.136   1.190
 H13R  260  -0.334  -0.219   1.214
  O13  261  -0.335  -0.023   1.154
 HO13  262  -0.269  -0.001   1.220
  C14  263  -0.498  -0.176   1.067
 H14R  264  -0.571  -0.093   1.048
 H14S  265  -0.548  -0.269   1.107
  C15  266  -0.432  -0.198   0.929
 H15R  267  -0.353  -0.119   0.913
 H15S  268  -0.517  -0.192   0.865
  C16  269  -0.370  -0.340   0.912
 H16R  270  -0.443  -0.416   0.919
 H16S  271  -0.294  -0.360   0.994
  C17  272  -0.297  -0.364   0.778
 H17R  273  -0.252  -0.470   0.784
 H17S  274  -0.213  -0.291   0.789
  C18  275  -0.372  -0.362   0.650
 H18R  276  -0.440  -0.449   0.665
 H18S  277  -0.430  -0.266   0.633
  C19  278  -0.275  -0.383   0.526
 H19R  279  -0.236  -0.483   0.536
 H19S  280  -0.191  -0.309   0.537
 C110  281  -0.343  -0.337   0.388
H110R  282  -0.425  -0.402   0.361
H110S  283  -0.395  -0.243   0.402
 C111  284  -0.239  -0.309   0.274
H111R  285  -0.203  -0.207   0.296
H111S  286  -0.146  -0.371   0.287
 C112  287  -0.305  -0.336   0.132
H112R  288  -0.302  -0.446   0.114
H112S  289  -0.403  -0.288   0.138
 C113  290  -0.233  -0.276   0.011
H113R  291  -0.226  -0.166   0.021
H113S  292  -0.125  -0.311   0.009
 C114  293  -0.303  -0.301  -0.127
H114R  294  -0.310  -0.414  -0.135
H114S  295  -0.407  -0.269  -0.113
H114T  296  -0.257  -0.254  -0.219
   C1  297   0.252   0.045   2.312
  O11  298   0.329   0.145   2.322
  O12  299   0.288  -0.070   2.283
   C2  300   0.100   0.061   2.330
   C6  301  -0.071   0.227   2.384
   H6  302  -0.117   0.196   2.289
   O6  303   0.072   0.200   2.374
   C3  304   0.036  -0.038   2.426
  H31  305   0.093  -0.042   2.525
  H32  306   0.047  -0.135   2.367
   C4  307  -0.113  -0.009   2.440
   H4  308  -0.159  -0.023   2.342
   O4  309  -0.163  -0.103   2.529
   C5  310  -0.141   0.130   2.482
   H5  311  -0.250   0.144   2.474
   O5  312  -0.094   0.150   2.623
   C7  313  -0.086   0.373   2.403
   H7  314  -0.041   0.416   2.499
   O7  315  -0.226   0.411   2.400
  HO7  316  -0.244   0.468   2.481
   C8  317  -0.015   0.441   2.287
  H81  318   0.090   0.400   2.270
  H82  319  -0.079   0.425   2.197
   O8  320  -0.003   0.579   2.309
  HO8  321  -0.080   0.627   2.270
   C1  322  -0.209  -0.272   2.366
  O11  323  -0.133  -0.331   2.282
  O12  324  -0.329  -0.232   2.342
   C2  325  -0.163  -0.246   2.508
   C6  326   0.018  -0.296   2.659
   H6  327   0.026  -0.185   2.688
   O6  328  -0.031  -0.299   2.526
   C3  329  -0.261  -0.312   2.598
  H31  330  -0.266  -0.416   2.564
  H32  331  -0.357  -0.258   2.587
   C4  332  -0.208  -0.306   2.743
   H4  333  -0.201  -0.201   2.777
   O4  334  -0.305  -0.356   2.833
  HO4  335  -0.285  -0.447   2.852
   C5  336  -0.071  -0.365   2.751
   H5  337  -0.035  -0.341   2.848
   O5  338  -0.066  -0.499   2.725
  HO5  339  -0.078  -0.562   2.799
   C7  340   0.159  -0.357   2.668
   H7  341   0.175  -0.463   2.637
   O7  342   0.205  -0.350   2.804
  HO7  343   0.186  -0.436   2.845
   C8  344   0.249  -0.271   2.585
  H81  345   0.195  -0.245   2.490
  H82  346   0.267  -0.181   2.641
   O8  347   0.370  -0.348   2.546
  HO8  348   0.450  -0.318   2.595
   C1  349  -0.183   0.223   2.715
   H1  350  -0.181   0.326   2.674
   C5  351  -0.359   0.078   2.772
   H5  352  -0.290   0.009   2.727
   O5  353  -0.322   0.200   2.700
   C2  354  -0.143   0.237   2.860
   H2  355  -0.030   0.248   2.863
   O2  356  -0.205   0.355   2.913
  HO2  357  -0.297   0.338   2.929
   C3  358  -0.179   0.116   2.934
   H3  359  -0.129   0.021   2.907
   O3  360  -0.158   0.130   3.080
   C4  361  -0.330   0.089   2.919
   H4  362  -0.390   0.174   2.960
   O4  363  -0.348  -0.037   2.981
   P4  364  -0.451  -0.051   3.108
 OP42  365  -0.437  -0.194   3.156
 OP43  366  -0.583  -0.020   3.047
 OP44  367  -0.398   0.058   3.198
   C6  368  -0.498   0.039   2.745
   H6  369  -0.529  -0.047   2.810
   O6  370  -0.587   0.144   2.799
  HO6  371  -0.605   0.102   2.887
   C7  372  -0.516   0.007   2.599
  H71  373  -0.630  -0.022   2.575
  H72  374  -0.446  -0.072   2.571
   O7  375  -0.503   0.118   2.513
  HO7  376  -0.584   0.121   2.464
   C1  377  -0.033   0.095   3.134
   H1  378   0.019   0.022   3.074
   C5  379   0.022   0.308   3.230
   H5  380  -0.081   0.351   3.201
   O5  381   0.058   0.198   3.142
   C2  382  -0.046   0.038   3.281
   H2  383  -0.128  -0.044   3.273
   O2  384   0.076  -0.018   3.327
  HO2  385   0.068  -0.112   3.347
   C3  386  -0.090   0.141   3.379
   H3  387  -0.189   0.178   3.351
   O3  388  -0.104   0.099   3.517
   C4  389   0.011   0.256   3.370
   H4  390   0.107   0.211   3.402
   O4  391  -0.036   0.358   3.461
   P4  392   0.057   0.388   3.594
 OP42  393  -0.036   0.474   3.677
 OP43  394   0.179   0.460   3.539
 OP44  395   0.087   0.255   3.661
   C6  396   0.122   0.423   3.216
   H6  397   0.096   0.507   3.285
   O6  398   0.258   0.368   3.246
  HO6  399   0.311   0.447   3.256
   C7  400   0.119   0.482   3.074
  H71  401   0.183   0.570   3.067
  H72  402   0.014   0.517   3.048
   O7  403   0.160   0.378   2.978
   C1  404   0.302   0.378   2.938
   H1  405   0.364   0.456   2.990
   C5  406   0.294   0.140   2.890
   H5  407   0.184   0.135   2.914
   O5  408   0.361   0.250   2.966
   C2  409   0.315   0.409   2.787
   H2  410   0.272   0.514   2.773
   O2  411   0.447   0.415   2.747
  HO2  412   0.448   0.457   2.656
   C3  413   0.245   0.307   2.705
   H3  414   0.137   0.314   2.728
   O3  415   0.254   0.339   2.564
  HO3  416   0.218   0.429   2.564
   C4  417   0.302   0.176   2.741
   H4  418   0.402   0.180   2.707
   O4  419   0.237   0.073   2.673
  HO4  420   0.147   0.059   2.708
   C6  421   0.345  -0.001   2.934
   H6  422   0.313  -0.080   2.866
   O6  423   0.487  -0.006   2.921
  HO6  424   0.506  -0.019   2.830
   C7  425   0.324  -0.033   3.079
  H71  426   0.382  -0.130   3.100
  H72  427   0.219  -0.055   3.092
   O7  428   0.368   0.062   3.174
  HO7  429   0.415  -0.003   3.231
   C1  430  -0.231   0.053   3.554
   H1  431  -0.305   0.098   3.485
   C5  432  -0.167  -0.173   3.643
   H5  433  -0.069  -0.129   3.624
   O5  434  -0.252  -0.096   3.547
   C2  435  -0.262   0.089   3.697
   H2  436  -0.360   0.055   3.712
   O2  437  -0.276   0.226   3.728
  HO2  438  -0.202   0.282   3.719
   C3  439  -0.177   0.014   3.802
   H3  440  -0.070   0.039   3.789
   O3  441  -0.206   0.058   3.935
   C4  442  -0.204  -0.135   3.791
   H4  443  -0.315  -0.154   3.796
   O4  444  -0.132  -0.213   3.881
  HO4  445  -0.037  -0.180   3.890
   C6  446  -0.172  -0.327   3.609
  H61  447  -0.086  -0.364   3.673
  H62  448  -0.272  -0.362   3.649
   O6  449  -0.159  -0.375   3.478
   C1  450  -0.056  -0.311   3.405
   H1  451  -0.088  -0.200   3.386
   C5  452   0.132  -0.436   3.470
   H5  453   0.046  -0.496   3.517
   O5  454   0.072  -0.308   3.467
   C2  455  -0.045  -0.371   3.264
   H2  456   0.025  -0.299   3.215
   O2  457  -0.161  -0.355   3.188
  HO2  458  -0.141  -0.303   3.107
   C3  459   0.022  -0.504   3.264
   H3  460  -0.036  -0.579   3.316
   O3  461   0.031  -0.558   3.133
  HO3  462  -0.013  -0.645   3.136
   C4  463   0.154  -0.494   3.331
   H4  464   0.205  -0.594   3.348
   O4  465   0.247  -0.413   3.260
  HO4  466   0.276  -0.453   3.177
   C6  467   0.251  -0.442   3.570
  H61  468   0.222  -0.417   3.678
  H62  469   0.283  -0.550   3.571
   O6  470   0.355  -0.356   3.527
  HO6  471   0.399  -0.398   3.453
   C1  472  -0.097   0.070   4.026
   H1  473  -0.028  -0.021   4.012
   C5  474  -0.056   0.318   4.037
   H5  475  -0.142   0.326   3.967
   O5  476  -0.002   0.181   4.012
   C2  477  -0.152   0.074   4.156
   H2  478  -0.057   0.077   4.219
   O2  479  -0.221  -0.043   4.202
   C3  480  -0.218   0.202   4.191
   H3  481  -0.306   0.217   4.127
   O3  482  -0.268   0.194   4.320
  HO3  483  -0.344   0.140   4.324
   C4  484  -0.113   0.317   4.178
   H4  485  -0.025   0.311   4.253
   O4  486  -0.178   0.434   4.204
  HO4  487  -0.120   0.498   4.252
   C6  488   0.042   0.432   4.019
  H61  489   0.079   0.417   3.917
  H62  490  -0.013   0.536   4.014
   O6  491   0.151   0.438   4.114
  HO6  492   0.235   0.434   4.060
   C1  493  -0.139  -0.137   4.272
   H1  494  -0.038  -0.134   4.221
   C5  495  -0.245  -0.113   4.493
   H5  496  -0.320  -0.042   4.444
   O5  497  -0.123  -0.105   4.413
   C2  498  -0.200  -0.277   4.274
   H2  499  -0.124  -0.333   4.323
   O2  500  -0.199  -0.330   4.137
  HO2  501  -0.168  -0.422   4.144
   C3  502  -0.332  -0.297   4.354
   H3  503  -0.409  -0.226   4.314
   O3  504  -0.378  -0.428   4.345
  HO3  505  -0.474  -0.426   4.362
   C4  506  -0.303  -0.258   4.498
   H4  507  -0.222  -0.322   4.538
   O4  508  -0.416  -0.260   4.582
  HO4  509  -0.415  -0.343   4.631
   C6  510  -0.229  -0.046   4.627
  H61  511  -0.321  -0.056   4.700
  H62  512  -0.143  -0.100   4.680
   O6  513  -0.193   0.083   4.591
   C1  514  -0.175   0.176   4.697
   H1  515  -0.258   0.158   4.768
   C5  516   0.065   0.170   4.687
   H5  517   0.054   0.118   4.594
   O5  518  -0.053   0.159   4.770
   C2  519  -0.184   0.312   4.640
   H2  520  -0.287   0.308   4.589
   O2  521  -0.183   0.406   4.743
  HO2  522  -0.127   0.379   4.818
   C3  523  -0.061   0.336   4.549
   H3  524  -0.058   0.271   4.464
   O3  525  -0.059   0.471   4.493
  HO3  526  -0.050   0.537   4.563
   C4  527   0.067   0.313   4.634
   H4  528   0.071   0.376   4.716
   O4  529   0.173   0.335   4.543
  HO4  530   0.243   0.382   4.587
   C6  531   0.188   0.118   4.755
   H6  532   0.284   0.158   4.708
   O6  533   0.200   0.182   4.881
  HO6  534   0.127   0.152   4.926
   C7  535   0.192  -0.033   4.761
  H71  536   0.289  -0.074   4.802
  H72  537   0.182  -0.067   4.651
   O7  538   0.081  -0.075   4.836
  HO7  539   0.013  -0.092   4.769
